4,62 17,25 18,74 9,11 8,71 3,53 11,27 19,78 22,59 15,53

11,67 17,43 12,51 26,17 16,67 15,82 21,94 13,63 16,17 20,33

9,41 21,62 11,05 16,04 19,52 23,24 12,26 5,34 28,47 12,35

12,56 11,59 27,34 20,38 24,32 10,02 1,58 14,99 17,01 9,24

23,83 16,28 9,76 6,18 17,94 17,85 10,23 8,12 7,38 17,54

15,87 26,91 14,17 15,61 18,15 4,68 13,19 2,97 17,73 4,12

12,18 13,79 8,91 1,19 13,48 15,34 5,98 14,09 10,86 7,55

2,61 10,51 14,56 10,99 25,27 6,46 13,34 15,29 6,79 13,98

17,89 12,14 4,29 13,76 19,49 15,58 18,63 29,78 11,73 19,27

14,28 22,34 12,44 17,96 9,93 27,58 14,74 9,63 13,57 11,95

8,84 16,98 9,06 21,26 16,85 11,92 3,28 16,57 10,72 5,48

15,06 24,15 13,93 15,18 24,86 9,72 11,19 10,47 1,76 14,05

13,52 9,35 0,26 10,48 12,03 17,58 18,26 4,86 12,67 10,39

5,09 12,97 11,44 17,25 9,56 22,57 2,35 14,45 23,15 12,86

14,68 8,64 16,71 29,56 12,75 10,65 15,94 20,57 13,64 17,13

25,89 13,08 9,15 16,35 22,81 14,36 21,35 15,74 20,86 24,72

10,53 10,27 3,74 11,29 15,22 25,54 17,62 14,83 23,64 14,57

19,18 27,97 14,15 20,71 0,48 12,49 6,39 28,62 13,27 9,81

15,37 11,43 8,08 14,49 18,34 9,13 16,46 15,42 18,82 16,24

17,39 16,41 11,82 5,75 16,19 7,41 26,59 12,88 11,36 13,85
